1 0 0
2 0 0
3 0 0
4 0 0
5 0 0
6 0 0
7 0 0
8 1 0
9 1 0
10 1 0
11 0 0
12 0 0
13 0 0
14 0 0
15 0 0
16 0 0
17 0 0
18 1 0
19 1 0
20 1 0
21 1 0
22 1 0
23 1 0
24 1 0
25 0 0
26 0 0
27 1 0
28 1 0
29 1 0
30 1 0
31 1 0
32 1 0
33 2 0
34 2 0
35 2 0
36 2 0
37 1 0
38 1 0
39 0 0
40 0 0
41 1 0
42 2 0
43 2 0
44 1 0
45 2 0
46 2 0
47 1 0
48 1 0
49 1 0
50 2 0
51 2 0
52 2 0
53 2 0
54 2 0
55 2 0
56 2 0
57 3 0
58 3 0
59 2 0
60 1 0
61 2 0
62 3 0
63 3 0
64 2 0
65 1 0
66 1 0
67 0 0
68 0 0
69 1 0
70 1 0
71 0 0
72 0 0
73 0 0
74 0 0
75 0 0
76 1 0
77 1 0
78 2 0
79 2 0
80 2 0
81 2 0
82 1 0
83 1 0
84 2 0
85 2 0
86 2 0
87 2 0
88 1 0
89 1 0
90 1 0
91 1 0
92 2 0
93 2 0
94 2 0
95 2 0
96 1 0
97 1 0
98 2 0
99 2 0
100 2 0
101 2 0
102 2 0
103 2 0
104 2 0
105 2 0
106 2 0
107 2 0
108 3 0
109 3 0
110 4 0
111 4 0
112 4 0
113 4 0
114 4 0
115 4 0
116 4 0
117 4 0
118 4 0
119 4 0
120 3 0
121 2 0
122 2 0
123 2 0
124 2 0
125 2 0
126 2 0
127 2 0
128 2 0
129 2 0
130 2 1
131 2 1
132 2 1
133 2 1
134 2 1
135 2 1
136 2 1
137 2 0
138 2 0
139 2 0
140 2 0
141 2 0
142 2 0
143 2 0
144 3 0
145 3 0
146 3 0
147 3 0
148 3 0
149 3 0
150 3 0
151 3 0
152 3 0
153 3 0
154 3 0
155 3 0
156 3 0
157 3 0
158 3 0
159 3 0
160 2 0
161 2 0
162 2 1
163 2 1
164 2 1
165 2 1
166 2 1
167 2 1
168 2 1
169 2 1
170 2 1
171 2 1
172 2 1
173 2 1
174 2 1
175 2 1
176 2 1
177 2 1
178 2 1
179 2 1
180 2 1
181 2 1
182 2 0
183 2 0
184 2 0
185 2 0
186 2 0
187 2 0
188 2 0
189 2 0
190 2 0
191 2 0
192 2 0
193 2 0
194 2 0
195 2 0
196 2 0
197 2 0
198 2 0
199 2 0
200 2 0
201 2 0
202 2 0
203 2 0
204 2 0
205 2 0
206 2 0
207 2 0
208 2 0
209 2 0
210 2 0
211 2 0
212 2 0
213 2 0
214 2 0
215 2 0
216 2 0
217 2 0
218 2 0
219 2 0
220 2 0
221 2 0
222 2 0
223 2 0
224 2 0
225 2 0
226 2 0
227 2 0
228 2 0
229 2 1
230 2 1
231 2 1
232 2 1
233 2 1
234 2 1
235 2 1
236 2 0
237 2 0
238 3 0
239 3 0
240 3 0
241 3 0
242 3 0
243 3 0
244 4 0
245 4 0
246 4 0
247 5 0
248 5 0
249 6 0
250 6 0
251 6 0
252 6 0
253 6 0
254 6 0
255 6 0
256 5 0
257 4 0
258 3 0
259 3 0
260 3 0
261 3 0
262 3 0
263 3 0
264 3 0
265 4 0
266 4 0
267 3 0
268 3 0
269 3 0
270 3 0
271 2 0
272 2 0
273 2 0
274 2 0
275 2 0
276 2 0
277 2 0
278 2 0
279 2 0
280 2 0
281 2 0
282 2 0
283 2 0
284 3 0
285 3 0
286 3 0
287 3 0
288 4 0
289 5 0
290 5 0
291 5 0
292 5 0
293 5 0
294 4 0
295 3 0
296 2 0
297 2 0
298 2 0
299 2 0
300 2 0
301 2 0
302 2 0
303 2 0
304 2 0
305 3 0
306 3 0
307 4 0
308 4 0
309 4 0
310 4 0
311 3 0
312 2 0
313 2 0
314 2 0
315 2 0
316 2 0
317 2 0
318 2 0
319 2 0
320 2 0
321 2 0
322 2 0
323 2 0
324 2 0
325 2 0
326 3 0
327 3 0
328 3 0
329 3 0
330 4 0
331 5 0
332 5 0
333 5 0
334 5 0
335 5 0
336 4 0
337 3 0
338 2 0
339 2 0
340 2 0
341 3 0
342 3 0
343 3 0
344 3 0
345 3 0
346 3 0
347 2 0
348 2 0
349 2 0
350 2 0
351 2 0
352 2 0
353 2 0
354 2 0
355 2 0
356 3 0
357 3 0
358 4 0
359 4 0
360 4 0
361 4 0
362 3 0
363 2 0
364 2 0
365 2 0
366 2 0
367 2 0
368 2 0
369 2 0
370 2 0
371 2 0
372 2 0
373 2 0
374 2 0
375 2 0
376 2 0
377 2 0
378 2 0
379 2 0
380 2 0
381 2 0
382 2 0
383 2 0
384 2 0
385 2 0
386 2 0
387 2 0
388 2 0
389 2 0
390 2 0
391 2 0
392 2 0
393 2 0
394 2 0
395 2 0
396 2 0
397 2 0
398 2 0
399 2 0
400 2 0
401 2 0
402 2 0
403 2 0
404 2 0
405 2 0
406 2 0
407 2 0
408 2 0
409 2 0
410 2 0
411 2 0
412 2 0
413 2 0
414 2 0
415 2 0
416 2 0
417 2 0
418 2 0
419 2 0
420 2 0
421 2 0
422 3 0
423 3 0
424 3 0
425 2 0
426 2 0
427 2 0
428 2 0
429 2 0
430 2 0
431 2 0
432 2 0
433 2 0
434 2 0
435 2 0
436 2 0
437 4 1
438 5 2
439 5 2
440 4 1
441 3 1
442 3 1
443 3 1
444 4 1
445 4 1
446 3 1
447 3 1
448 3 1
449 4 1
450 4 1
451 5 2
452 5 2
453 4 1
454 4 1
455 3 1
456 3 1
457 3 1
458 3 1
459 3 1
460 3 1
461 3 1
462 3 1
463 4 1
464 4 1
465 4 1
466 3 1
467 3 1
468 3 1
469 4 1
470 4 1
471 3 1
472 3 1
473 3 1
474 3 1
475 3 1
476 3 1
477 3 1
478 3 1
479 3 1
480 3 1
481 4 1
482 4 1
483 4 1
484 3 1
485 3 1
486 3 1
487 3 1
488 4 1
489 4 1
490 4 1
491 4 1
492 4 1
493 3 1
494 3 1
495 3 1
496 3 1
497 3 1
498 3 1
499 3 1
500 3 1
501 3 1
502 3 1
503 3 1
504 3 1
505 3 1
506 3 1
507 3 1
508 3 1
509 3 1
510 3 1
511 3 1
512 3 1
513 3 1
514 3 1
515 3 1
516 3 1
517 3 2
518 3 2
519 3 2
520 3 2
521 3 1
522 3 1
523 3 1
524 3 1
525 3 1
526 3 1
527 3 1
528 3 1
529 3 1
530 3 1
531 3 1
532 3 1
533 3 1
534 3 1
535 3 1
536 3 1
537 3 1
538 3 1
539 3 1
540 3 1
541 3 1
542 3 1
543 3 1
544 3 1
545 3 1
546 3 1
547 3 1
548 3 1
549 3 1
550 3 1
551 3 1
552 3 1
553 3 1
554 3 1
555 3 1
556 3 1
557 3 1
558 3 1
559 3 1
560 3 1
561 3 1
562 3 1
563 3 1
564 3 1
565 3 1
566 3 1
567 3 1
568 4 1
569 4 1
570 4 1
571 4 1
572 4 1
573 3 1
574 3 1
575 3 1
576 3 1
577 3 1
578 3 1
579 3 1
580 3 1
581 3 1
582 3 1
583 3 1
584 3 1
585 3 1
586 3 1
587 3 1
588 3 1
589 3 1
590 3 1
591 3 1
592 3 1
593 3 1
594 3 1
595 3 1
596 3 1
597 3 1
598 3 1
599 3 1
600 3 1
601 3 1
602 3 1
603 3 1
604 3 1
605 3 1
606 3 1
607 3 1
608 3 1
609 3 1
610 3 1
611 3 1
612 3 1
613 3 1
614 3 1
615 3 1
616 3 1
617 3 1
618 3 1
619 4 1
620 4 1
621 3 1
622 3 1
623 3 1
624 3 1
625 3 1
626 3 1
627 4 1
628 4 1
629 4 1
630 3 1
631 3 1
632 4 1
633 4 1
634 4 1
635 3 1
636 3 1
637 3 1
638 3 1
639 3 1
640 3 1
641 3 1
642 3 1
643 3 1
644 4 1
645 4 1
646 4 1
647 3 1
648 3 1
649 3 1
650 3 1
651 4 1
652 4 1
653 4 1
654 4 1
655 4 1
656 4 1
657 4 1
658 4 1
659 4 1
660 4 1
661 4 1
662 4 1
663 4 1
664 4 1
665 4 1
666 3 1
667 3 1
668 3 1
669 3 1
670 3 1
671 3 1
672 3 1
673 3 1
674 3 1
675 3 1
676 3 1
677 3 1
678 3 1
679 3 1
680 3 1
681 3 1
682 3 1
683 3 1
684 3 1
685 3 1
686 4 1
687 4 1
688 4 1
689 3 1
690 3 1
691 3 1
692 3 1
693 3 1
694 3 1
695 4 1
696 4 1
697 4 1
698 4 1
699 3 1
700 3 1
701 3 1
702 3 1
703 3 1
704 3 1
705 3 1
706 3 1
707 3 1
708 3 1
709 3 1
710 4 1
711 4 1
712 4 1
713 4 1
714 4 1
715 4 1
716 4 1
717 3 1
718 3 1
719 4 1
720 4 1
721 4 1
722 4 1
723 3 1
724 3 1
725 3 1
726 3 1
727 3 1
728 4 1
729 4 1
730 4 1
731 3 1
732 3 1
733 3 1
734 3 1
735 3 1
736 3 1
737 3 1
738 3 1
739 3 1
740 4 1
741 4 1
742 4 1
743 4 1
744 4 1
745 4 1
746 4 1
747 4 1
748 4 1
749 3 1
750 3 1
751 3 1
752 3 1
753 3 1
754 3 1
755 3 1
756 3 1
757 3 1
758 3 1
759 4 1
760 4 1
761 4 1
762 4 1
763 4 1
764 4 1
765 4 1
766 4 1
767 4 1
768 4 1
769 4 1
770 4 1
771 4 1
772 4 1
773 4 1
774 4 1
775 4 1
776 4 1
777 4 1
778 4 1
779 4 1
780 3 1
781 3 1
782 3 1
783 3 1
784 3 1
785 3 1
786 3 1
787 3 1
788 3 1
789 3 1
790 3 1
791 3 1
792 3 1
793 3 1
794 3 1
795 3 1
796 3 1
797 3 1
798 3 1
799 3 1
800 4 1
801 4 1
802 4 1
803 4 1
804 4 1
805 4 1
806 3 1
807 3 1
808 3 1
809 3 1
810 4 1
811 4 1
812 4 1
813 4 1
814 4 1
815 5 1
816 5 1
817 5 1
818 4 1
819 4 1
820 4 1
821 4 1
822 4 1
823 5 1
824 5 1
825 4 1
826 3 1
827 3 1
828 3 1
829 3 1
830 3 1
831 3 1
832 3 1
833 3 1
834 3 1
835 3 1
836 3 1
837 3 1
838 3 1
839 4 1
840 4 1
841 4 1
842 4 1
843 4 1
844 4 1
845 4 1
846 4 1
847 4 1
848 3 1
849 3 1
850 3 1
851 3 1
852 3 1
853 3 1
854 3 1
855 3 1
856 3 1
857 3 1
858 3 1
859 3 1
860 3 1
861 4 1
862 4 1
863 4 1
864 4 1
865 4 1
866 4 1
867 4 1
868 4 1
869 4 1
870 3 1
871 3 1
872 3 2
873 3 2
874 3 2
875 3 2
876 3 2
877 3 2
878 3 2
879 3 2
880 3 2
881 3 2
882 3 2
883 3 2
884 3 1
885 3 1
886 3 1
887 3 1
888 3 1
889 3 1
890 3 1
891 3 1
892 4 1
893 4 1
894 4 1
895 3 1
896 3 1
897 3 1
898 3 2
899 3 2
900 3 2
901 3 2
902 3 2
903 3 2
904 3 1
905 3 1
906 3 1
907 3 1
908 4 1
909 4 1
910 4 1
911 3 1
912 3 1
913 3 1
914 3 1
915 3 1
916 3 1
917 3 1
918 3 1
919 3 1
920 3 1
921 4 1
922 4 1
923 4 1
924 3 1
925 3 1
926 3 1
927 3 1
928 3 1
929 3 1
930 3 1
931 3 1
932 3 1
933 3 1
934 3 1
935 3 1
936 3 1
937 3 1
938 3 1
939 3 1
940 3 1
941 3 1
942 3 2
943 3 2
944 3 2
945 3 2
946 3 2
947 3 2
948 3 2
949 3 2
950 3 1
951 3 1
952 3 1
953 3 1
954 3 1
955 3 1
956 3 1
957 2 1
958 2 1
959 2 1
